-1.8443566e-05
-2.0580765e-05
-2.2953368e-05
-2.5585828e-05
-2.8504965e-05
-3.1740178e-05
-3.5323672e-05
-3.9290704e-05
-4.3679846e-05
-4.8533265e-05
-5.3897037e-05
-5.9821465e-05
-6.6361441e-05
-7.3576815e-05
-8.1532807e-05
-9.0300436e-05
-9.9956986e-05
-1.1058650e-04
-1.2228031e-04
-1.3513760e-04
-1.4926600e-04
-1.6478226e-04
-1.8181289e-04
-2.0049487e-04
-2.2097649e-04
-2.4341810e-04
-2.6799297e-04
-2.9488824e-04
-3.2430587e-04
-3.5646362e-04
-3.9159617e-04
-4.2995620e-04
-4.7181563e-04
-5.1746681e-04
-5.6722385e-04
-6.2142399e-04
-6.8042902e-04
-7.4462678e-04
-8.1443271e-04
-8.9029148e-04
-9.7267869e-04
-1.0621026e-03
-1.1591058e-03
-1.2642676e-03
-1.3782053e-03
-1.5015765e-03
-1.6350813e-03
-1.7794642e-03
-1.9355164e-03
-2.1040778e-03
-2.2860396e-03
-2.4823462e-03
-2.6939979e-03
-2.9220531e-03
-3.1676304e-03
-3.4319116e-03
-3.7161436e-03
-4.0216409e-03
-4.3497880e-03
-4.7020419e-03
-5.0799341e-03
-5.4850729e-03
-5.9191460e-03
-6.3839219e-03
-6.8812525e-03
-7.4130747e-03
-7.9814122e-03
-8.5883768e-03
-9.2361706e-03
-9.9270861e-03
-1.0663508e-02
-1.1447914e-02
-1.2282875e-02
-1.3171055e-02
-1.4115211e-02
-1.5118193e-02
-1.6182944e-02
-1.7312495e-02
-1.8509969e-02
-1.9778574e-02
-2.1121602e-02
-2.2542427e-02
-2.4044499e-02
-2.5631342e-02
-2.7306547e-02
-2.9073767e-02
-3.0936714e-02
-3.2899145e-02
-3.4964861e-02
-3.7137695e-02
-3.9421505e-02
-4.1820161e-02
-4.4337538e-02
-4.6977500e-02
-4.9743890e-02
-5.2640518e-02
-5.5671144e-02
-5.8839461e-02
-6.2149086e-02
-6.5603536e-02
-6.9206211e-02
-7.2960381e-02
-7.6869159e-02
-8.0935483e-02
-8.5162099e-02
-8.9551531e-02
-9.4106065e-02
-9.8827721e-02
-1.0371823e-01
-1.0877901e-01
-1.1401114e-01
-1.1941533e-01
-1.2499191e-01
-1.3074077e-01
-1.3666137e-01
-1.4275269e-01
-1.4901322e-01
-1.5544091e-01
-1.6203317e-01
-1.6878680e-01
-1.7569802e-01
-1.8276239e-01
-1.8997485e-01
-1.9732960e-01
-2.0482019e-01
-2.1243939e-01
-2.2017925e-01
-2.2803104e-01
-2.3598522e-01
-2.4403149e-01
-2.5215868e-01
-2.6035482e-01
-2.6860707e-01
-2.7690178e-01
-2.8522439e-01
-2.9355952e-01
-3.0189093e-01
-3.1020151e-01
-3.1847330e-01
-3.2668753e-01
-3.3482458e-01
-3.4286403e-01
-3.5078469e-01
-3.5856458e-01
-3.6618102e-01
-3.7361061e-01
-3.8082931e-01
-3.8781243e-01
-3.9453473e-01
-4.0097045e-01
-4.0709332e-01
-4.1287670e-01
-4.1829358e-01
-4.2331665e-01
-4.2791842e-01
-4.3207122e-01
-4.3574733e-01
-4.3891907e-01
-4.4155882e-01
-4.4363918e-01
-4.4513301e-01
-4.4601357e-01
-4.4625457e-01
-4.4583028e-01
-4.4471566e-01
-4.4288643e-01
-4.4031919e-01
-4.3699149e-01
-4.3288199e-01
-4.2797053e-01
-4.2223824e-01
-4.1566762e-01
-4.0824270e-01
-3.9994908e-01
-3.9077406e-01
-3.8070673e-01
-3.6973806e-01
-3.5786099e-01
-3.4507051e-01
-3.3136376e-01
-3.1674006e-01
-3.0120105e-01
-2.8475069e-01
-2.6739533e-01
-2.4914381e-01
-2.3000745e-01
-2.1000008e-01
-1.8913813e-01
-1.6744059e-01
-1.4492904e-01
-1.2162769e-01
-9.7563294e-02
-7.2765223e-02
-4.7265376e-02
-2.1098179e-02
5.6994722e-03
3.3088260e-02
6.1026511e-02
8.9470265e-02
1.1837336e-01
1.4768754e-01
1.7736250e-01
2.0734608e-01
2.3758433e-01
2.6802162e-01
2.9860084e-01
3.2926348e-01
3.5994982e-01
3.9059909e-01
4.2114959e-01
4.5153891e-01
4.8170409e-01
5.1158176e-01
5.4110840e-01
5.7022047e-01
5.9885461e-01
6.2694783e-01
6.5443773e-01
6.8126267e-01
7.0736194e-01
7.3267600e-01
7.5714664e-01
7.8071717e-01
8.0333262e-01
8.2493988e-01
8.4548793e-01
8.6492796e-01
8.8321356e-01
9.0030085e-01
9.1614866e-01
9.3071865e-01
9.4397543e-01
9.5588672e-01
9.6642339e-01
9.7555964e-01
9.8327303e-01
9.8954459e-01
9.9435886e-01
9.9770397e-01
9.9957164e-01
9.9995728e-01
9.9885992e-01
9.9628228e-01
9.9223072e-01
9.8671525e-01
9.7974946e-01
9.7135051e-01
9.6153905e-01
9.5033913e-01
9.3777818e-01
9.2388683e-01
9.0869889e-01
8.9225116e-01
8.7458338e-01
8.5573802e-01
8.3576020e-01
8.1469749e-01
7.9259980e-01
7.6951917e-01
7.4550961e-01
7.2062696e-01
6.9492864e-01
6.6847355e-01
6.4132179e-01
6.1353455e-01
5.8517386e-01
5.5630243e-01
5.2698344e-01
4.9728037e-01
4.6725678e-01
4.3697613e-01
4.0650161e-01
3.7589595e-01
3.4522124e-01
3.1453875e-01
2.8390877e-01
2.5339046e-01
2.2304167e-01
1.9291882e-01
1.6307675e-01
1.3356856e-01
1.0444555e-01
7.5757044e-02
4.7550304e-02
1.9870449e-02
-7.2396508e-03
-3.3739443e-02
-5.9590766e-02
-8.4757902e-02
-1.0920763e-01
-1.3290927e-01
-1.5583470e-01
-1.7795838e-01
-1.9925738e-01
-2.1971134e-01
-2.3930252e-01
-2.5801573e-01
-2.7583835e-01
-2.9276025e-01
-3.0877381e-01
-3.2387382e-01
-3.3805745e-01
-3.5132417e-01
-3.6367572e-01
-3.7511600e-01
-3.8565103e-01
-3.9528880e-01
-4.0403928e-01
-4.1191423e-01
-4.1892719e-01
-4.2509332e-01
-4.3042934e-01
-4.3495342e-01
-4.3868506e-01
-4.4164501e-01
-4.4385515e-01
-4.4533839e-01
-4.4611857e-01
-4.4622035e-01
-4.4566912e-01
-4.4449087e-01
-4.4271214e-01
-4.4035987e-01
-4.3746133e-01
-4.3404404e-01
-4.3013566e-01
-4.2576390e-01
-4.2095646e-01
-4.1574094e-01
-4.1014475e-01
-4.0419506e-01
-3.9791872e-01
-3.9134220e-01
-3.8449151e-01
-3.7739220e-01
-3.7006923e-01
-3.6254699e-01
-3.5484922e-01
-3.4699897e-01
-3.3901860e-01
-3.3092970e-01
-3.2275311e-01
-3.1450885e-01
-3.0621614e-01
-2.9789338e-01
-2.8955810e-01
-2.8122700e-01
-2.7291592e-01
-2.6463983e-01
-2.5641286e-01
-2.4824827e-01
-2.4015848e-01
-2.3215507e-01
-2.2424879e-01
-2.1644959e-01
-2.0876661e-01
-2.0120820e-01
-1.9378195e-01
-1.8649474e-01
-1.7935268e-01
-1.7236123e-01
-1.6552514e-01
-1.5884854e-01
-1.5233491e-01
-1.4598717e-01
-1.3980763e-01
-1.3379810e-01
-1.2795984e-01
-1.2229363e-01
-1.1679982e-01
-1.1147828e-01
-1.0632851e-01
-1.0134962e-01
-9.6540353e-02
-9.1899150e-02
-8.7424134e-02
-8.3113154e-02
-7.8963807e-02
-7.4973460e-02
-7.1139272e-02
-6.7458218e-02
-6.3927108e-02
-6.0542606e-02
-5.7301254e-02
-5.4199485e-02
-5.1233644e-02
-4.8400003e-02
-4.5694776e-02
-4.3114136e-02
-4.0654228e-02
-3.8311182e-02
-3.6081123e-02
-3.3960185e-02
-3.1944523e-02
-3.0030316e-02
-2.8213785e-02
-2.6491191e-02
-2.4858852e-02
-2.3313144e-02
-2.1850506e-02
-2.0467449e-02
-1.9160560e-02
-1.7926504e-02
-1.6762028e-02
-1.5663965e-02
-1.4629236e-02
-1.3654852e-02
-1.2737915e-02
-1.1875619e-02
-1.1065251e-02
-1.0304192e-02
-9.5899164e-03
-8.9199913e-03
-8.2920760e-03
-7.7039216e-03
-7.1533696e-03
-6.6383505e-03
-6.1568826e-03
-5.7070700e-03
-5.2871011e-03
-4.8952463e-03
-4.5298565e-03
-4.1893603e-03
-3.8722624e-03
-3.5771409e-03
-3.3026451e-03
-3.0474933e-03
-2.8104702e-03
-2.5904245e-03
-2.3862669e-03
-2.1969671e-03
-2.0215520e-03
-1.8591031e-03
-1.7087539e-03
-1.5696883e-03
-1.4411377e-03
-1.3223793e-03
-1.2127337e-03
-1.1115626e-03
-1.0182674e-03
-9.3228673e-04
-8.5309455e-04
-7.8019855e-04
-7.1313820e-04
-6.5148306e-04
-5.9483114e-04
-5.4280729e-04
-4.9506170e-04
-4.5126839e-04
-4.1112387e-04
-3.7434575e-04
-3.4067150e-04
-3.0985723e-04
-2.8167651e-04
-2.5591930e-04
-2.3239088e-04
-2.1091087e-04
-1.9131233e-04
-1.7344079e-04
-1.5715349e-04
-1.4231857e-04
-1.2881429e-04
-1.1652837e-04
-1.0535731e-04
-9.5205755e-05
-8.5985948e-05
-7.7617153e-05
-7.0025153e-05
-6.3141769e-05
-5.6904410e-05
-5.1255657e-05
-4.6142864e-05
-4.1517800e-05
-3.7336305e-05
-3.3557974e-05
-3.0145861e-05
-2.7066206e-05
-2.4288179e-05
-2.1783647e-05
-1.9526951e-05
-1.7494706e-05
-1.5665613e-05
-1.4020284e-05
-1.2541084e-05
-1.1211979e-05
-1.0018406e-05
-8.9471409e-06
-7.9861840e-06
-7.1246561e-06
-6.3526977e-06
-5.6613799e-06
-5.0426216e-06
-4.4891132e-06
-3.9942474e-06
-3.5520553e-06
-3.1571482e-06
-2.8046640e-06
-2.4902184e-06
-2.2098607e-06
-1.9600328e-06
-1.7375323e-06
-1.5394786e-06
-1.3632822e-06
-1.2066167e-06
-1.0673933e-06
-9.4373762e-07
-8.3396892e-07
-7.3658075e-07
-6.5022381e-07
-5.7369028e-07
-5.0589960e-07
-4.4588566e-07
-3.9278519e-07
-3.4582727e-07
-3.0432386e-07
-2.6766124e-07
-2.3529235e-07
-2.0672979e-07
-1.8153958e-07
-1.5933556e-07
-1.3977429e-07
-1.2255053e-07
-1.0739313e-07
-9.4061361e-08
-8.2341658e-08
-7.2044630e-08
-6.3002441e-08
-5.5066436e-08
-4.8105029e-08
-4.2001809e-08
-3.6653851e-08
-3.1970202e-08
-2.7870542e-08
-2.4283975e-08
-2.1147964e-08
-1.8407373e-08
-1.6013625e-08
-1.3923940e-08
-1.2100668e-08
-1.0510693e-08
-9.1249020e-09
-7.9177180e-09
-6.8666809e-09
-5.9520804e-09
-5.1566290e-09
-4.4651721e-09
-3.8644334e-09
-3.3427880e-09
-2.8900627e-09
-2.4973604e-09
-2.1569036e-09
-1.8618980e-09
-1.6064113e-09
-1.3852667e-09
-1.1939493e-09
-1.0285236e-09
-8.8556123e-10
-7.6207718e-10
-6.5547390e-10
-5.6349232e-10
-4.8416880e-10
-4.1579750e-10
-3.5689731e-10
-3.0618298e-10
-2.6253988e-10
-2.2500180e-10
-1.9273176e-10
-1.6500503e-10
-1.4119449e-10
-1.2075776e-10
-1.0322600e-10
-8.8194197e-11
-7.5312628e-11
-6.4279506e-11
-5.4834546e-11
-4.6753381e-11
-3.9842711e-11
-3.3936097e-11
-2.8890304e-11
-2.4582133e-11
-2.0905681e-11
-1.7769959e-11
-1.5096835e-11
-1.2819257e-11
-1.0879709e-11
-9.2288856e-12
-7.8245400e-12
-6.6304958e-12
-5.6157902e-12
-4.7539375e-12
-4.0222942e-12
-3.4015120e-12
-2.8750675e-12
-2.4288572e-12
-2.0508498e-12
-1.7307874e-12
-1.4599287e-12
-1.2308287e-12
-1.0371503e-12
-8.7350211e-13
-7.3529974e-13
-6.1864728e-13
-5.2023562e-13
-4.3725560e-13
-3.6732377e-13
-3.0841898e-13
-2.5882820e-13
-2.1710037e-13
-1.8200699e-13
-1.5250852e-13
-1.2772584e-13
-1.0691584e-13
-8.9450748e-14
-7.4800521e-14
-6.2517847e-14
-5.2225449e-14
-4.3605288e-14
-3.6389408e-14
-3.0352168e-14
-2.5303660e-14
-2.1084142e-14
-1.7559313e-14
-1.4616323e-14
-1.2160398e-14
-1.0111988e-14
-8.4043555e-15
-6.9815435e-15
-5.7966579e-15
-4.8104214e-15
-3.9899534e-15
-3.3077434e-15
-2.7407860e-15
-2.2698533e-15
-1.8788834e-15
-1.5544662e-15
-1.2854115e-15
-1.0623865e-15
-8.7761173e-16
-7.2460584e-16
-5.9797194e-16
-4.9321852e-16
-4.0660954e-16
-3.3503903e-16
-2.7592620e-16
-2.2712773e-16
-1.8686464e-16
-1.5366108e-16
-1.2629333e-16
-1.0374729e-16
-8.5183007e-17
-6.9905130e-17
-5.7338329e-17
-4.7006829e-17
-3.8517388e-17
-3.1545156e-17
-2.5821921e-17
-2.1126349e-17
-1.7275890e-17
-1.4120058e-17
-1.1534869e-17
-9.4182229e-18
-7.6860895e-18
-6.2693440e-18
-5.1111541e-18
-4.1648186e-18
-3.3919815e-18
-2.7611572e-18
-2.2465139e-18
-1.8268691e-18
-1.4848620e-18
-1.2062718e-18
-9.7945530e-19
-7.9488538e-19
-6.4477004e-19
-5.2273992e-19
-4.2359125e-19
-3.4307480e-19
-2.7772258e-19
-2.2470573e-19
-1.8171788e-19
-1.4687971e-19
-1.1866061e-19
-9.5814668e-20
-7.7328235e-20
-6.2377058e-20
-5.0291245e-20
-4.0526643e-20
-3.2641464e-20
-2.6277220e-20
-2.1143165e-20
-1.7003620e-20
-1.3667643e-20
-1.0980617e-20
-8.8174033e-21
-7.0767782e-21
-5.6769018e-21
-4.5516422e-21
-3.6475883e-21
-2.9216251e-21
-2.3389673e-21
-1.8715647e-21
-1.4968096e-21
-1.1964907e-21
-9.5594561e-22
-7.6337533e-22
-6.0929017e-22
-4.8606164e-22
-3.8756064e-22
-3.0886532e-22
-2.4602533e-22
-1.9587170e-22
-1.5586363e-22
-1.2396500e-22
-9.8545017e-23
-7.8298152e-23
-6.2179846e-23
-4.9354763e-23
-3.9155234e-23
-3.1047878e-23
-2.4606813e-23
-1.9492170e-23
-1.5432859e-23
-1.2212765e-23
-9.6596869e-24
-7.6364853e-24
-6.0340019e-24
-4.7653943e-24
-3.7616096e-24
-2.9677691e-24
-2.3402810e-24
-1.8445373e-24
-1.4530763e-24
-1.1441184e-24
-9.0039916e-25
-7.0824057e-25
-5.5681141e-25
-4.3753931e-25
-3.4364314e-25
-2.6976147e-25
-2.1165758e-25
-1.6598523e-25
-1.3010283e-25
-1.0192618e-25
-7.9811686e-26
-6.2463881e-26
-4.8862221e-26
-3.8203153e-26
-2.9854308e-26
-2.3318284e-26
-1.8204049e-26
-1.4204345e-26
-1.1077871e-26
-8.6352163e-27
-6.7277835e-27
-5.2390516e-27
-4.0776997e-27
-3.1721938e-27
-2.4665283e-27
-1.9168778e-27
-1.4889658e-27
-1.1559976e-27
-8.9703863e-28
-6.9574059e-28
-5.3934360e-28
-4.1789361e-28
-3.2362939e-28
-2.5050259e-28
-1.9380212e-28
-1.4986040e-28
-1.1582368e-28
-8.9472563e-29
-6.9081937e-29
-5.3311542e-29
-4.1120663e-29
-3.1701595e-29
-2.4427794e-29
-1.8813498e-29
-1.4482283e-29
-1.1142603e-29
-8.5687707e-30
-6.5861645e-30
-5.0597474e-30
-3.8851459e-30
-2.9817283e-30
-2.2872364e-30
-1.7536233e-30
-1.3438284e-30
-1.0292802e-30
-7.8796281e-31
-6.0292060e-31
-4.6110183e-31
-3.5246492e-31
-2.6928817e-31
-2.0563689e-31
-1.5695210e-31
-1.1973348e-31
-9.1294883e-32
-6.9576036e-32
-5.2997493e-32
-4.0349057e-32
-3.0703923e-32
-2.3352683e-32
-1.7752607e-32
-1.3488696e-32
-1.0243780e-32
-7.7755833e-33
-5.8991334e-33
-4.4732786e-33
-3.3903628e-33
-2.5683188e-33
-1.9446175e-33
-1.4716414e-33
-1.1131466e-33
-8.4156031e-34
-6.3591740e-34
-4.8028469e-34
-3.6255956e-34
-2.7355368e-34
-2.0629484e-34
-1.5549513e-34
-1.1714610e-34
-8.8210745e-35
-6.6389255e-35
-4.9940943e-35
-3.7548997e-35
-2.8217765e-35
-2.1194811e-35
-1.5911795e-35
-1.1939647e-35
-8.9546066e-36
-6.7124990e-36
-5.0292668e-36
-3.7662388e-36
-2.8189914e-36
-2.1089312e-36
-1.5769350e-36
-1.1785499e-36
-8.8036932e-37
-6.5730148e-37
-4.9050914e-37
-3.6585787e-37
-2.7274732e-37
-2.0323168e-37
-1.5135791e-37
-1.1266828e-37
-8.3826450e-38
-6.2336628e-38
-4.6332784e-38
-3.4420434e-38
-2.5558017e-38
-1.8967970e-38
-1.4070108e-38
-1.0431743e-38
-7.7303518e-39
-5.7256465e-39
-4.2387004e-39
-3.1363451e-39
-2.3195187e-39
-1.7145686e-39
-1.2667613e-39
-9.3544376e-40
-6.9043616e-40
-5.0934534e-40
-3.7556415e-40
-2.7678267e-40
-2.0388096e-40
-1.5010578e-40
-1.1045902e-40
-8.1243379e-41
-5.9725223e-41
-4.3884445e-41
-3.2228973e-41
-2.3657311e-41
-1.7356707e-41
-1.2727770e-41
-9.3286846e-42
-6.8339461e-42
-5.0038671e-42
-3.6620399e-42
-2.6786962e-42
-1.9584250e-42
-1.4311118e-42
-1.0452574e-42
-7.6305542e-43
-5.5676513e-43
-4.0604214e-43
-2.9597384e-43
-2.1563472e-43
-1.5702442e-43
-1.1428754e-43
-8.3140707e-44
-6.0452146e-44
-4.3933207e-44
-3.1912239e-44
-2.3168869e-44
-1.6812628e-44
-1.2194094e-44
-8.8398871e-45
-6.4051175e-45
-4.6386404e-45
-3.3576664e-45
-2.4292243e-45
-1.7566325e-45
-1.2696309e-45
-9.1718573e-46
-6.6224754e-46
-4.7793264e-46
-3.4474367e-46
-2.4854737e-46
-1.7910402e-46
-1.2899854e-46
-9.2864034e-47
-6.6818019e-47
-4.8053271e-47
-3.4541057e-47
-2.4815991e-47
-1.7820133e-47
-1.2790089e-47
-9.1752848e-48
-6.5788332e-48
-4.7147812e-48
-3.3772061e-48
-2.4178923e-48
-1.7302135e-48
-1.2375017e-48
-8.8465777e-49
-6.3210346e-49
-4.5142377e-49
-3.2222859e-49
-2.2989373e-49
-1.6393571e-49
-1.1684320e-49
-8.3237055e-50
-5.9267062e-50
-4.2178732e-50
-3.0002474e-50
-2.1330648e-50
-1.5157741e-50
-1.0765850e-50
-7.6426797e-51
-5.4228356e-51
-3.8458352e-51
-2.7260786e-51
-1.9313881e-51
-1.3676791e-51
-9.6801557e-52
-6.8480034e-52
-4.8420479e-52
-3.4219818e-52
-2.4171845e-52
-1.7065752e-52
-1.2042719e-52
-8.4939014e-53
-5.9878841e-53
-4.2191318e-53
-2.9713672e-53
-2.0915733e-53
-1.4715445e-53
-1.0348020e-53
-7.2731855e-54
-5.1094674e-54
-3.5876507e-54
-2.5178407e-54
-1.7661594e-54
-1.2382694e-54
-8.6772870e-55
-6.0776595e-55
-4.2547334e-55
-2.9770898e-55
-2.0820690e-55
-1.4553984e-55
-1.0168392e-55
-7.1007839e-56
-4.9561440e-56
-3.4575237e-56
-2.4108491e-56
-1.6801905e-56
-1.1703901e-56
-8.1486643e-57
-5.6705586e-57
-3.9441090e-57
-2.7419253e-57
-1.9052238e-57
-1.3231833e-57
-9.1849695e-58
-6.3726356e-58
-4.4192048e-58
-3.0630412e-58
-2.1219993e-58
-1.4693367e-58
-1.0169067e-58
-7.0343599e-59
-4.8635318e-59
-3.3609545e-59
-2.3214387e-59
-1.6026383e-59
-1.1058533e-59
-7.6268158e-60
-5.2574205e-60
-3.6223124e-60
